Query : 0
Nearest neighbor-1: 3283
distanceLSH: 1218.13
distanceTrue: 1034.78
tLSH: 0.005409
tTrue: 0.442712
R-near neighbors:
99
158
177
209
396
397
402
879
959
982
1244
1255
1354
1446
1610
1642
1720
2210
2298
2338
2426
2659
2824
2888
2993
3100
3121
3352
3716
3962
4165
4304
4634
4695
4741
4772
4932
4953
5116
5378
5455
5535
5599
5638
5741
5821
5865
5964
6108
6158
6162
6168
6316
6440
6452
6473
6540
6544
6562
6729
6801
6857
6942
6956
7007
7064
7122
7127
7154
7170
7179
7271
7296
7520
7670
7793
7839
7842
7854
7892
8168
8221
8432
8526
8531
8584
8643
8718
8740
9151
9530
9733
9746
9775
9842
9920
9924
9941
5
29
637
974
1093
1141
1142
1205
1269
1373
1411
1463
1527
1898
1950
2054
2072
2188
2239
2312
2508
2573
2618
2630
2675
2783
2829
2899
2913
3067
3157
3174
3180
3625
3639
3668
3681
3749
3823
3848
3899
4155
4161
4188
4390
4407
4408
4471
4534
4540
4575
4710
5061
5138
5140
5315
5478
5604
5662
5703
5746
5807
5859
5943
6115
6128
6228
6616
6693
6710
6785
6862
6893
7017
7201
7441
7478
7522
7629
7655
7678
7702
7772
8030
8125
8155
8164
8169
8192
8305
8306
8351
8531
8581
8599
8602
8728
8862
8881
9101
9204
9304
9513
9747
9839
9864
9895
150
310
679
858
983
1222
1260
1296
1405
1581
1668
1737
1922
1956
1973
1988
1992
2065
2285
2339
2446
2483
2507
2671
2816
3013
3135
3140
3163
3343
3344
3345
3456
3491
3595
3981
4060
4100
4122
4202
4252
4343
4452
4458
4503
4555
4620
4643
4676
4687
4722
4830
4967
5349
5390
5417
5487
5647
5671
5699
5725
5773
5827
5962
5979
6050
6096
6112
6164
6353
6571
6635
6854
6920
6939
7102
7514
7527
7758
7760
7764
7816
7839
7843
7870
7883
7908
7928
7957
7981
8074
8169
8230
8253
8534
8574
8629
8691
8705
8823
8853
8997
9006
9031
9060
9063
9313
9454
9570
9625
9778
9842
9893
9911
2
91
106
129
327
334
770
803
833
868
994
1070
1375
1410
1582
1678
1743
1935
2042
2242
2377
2524
2542
2584
2704
2741
3041
3145
3283
3424
3606
3614
3770
3772
3817
3882
4121
4166
4190
4274
4390
4460
4472
4745
4751
4758
4790
4794
4826
4893
5211
5298
5323
5365
5482
5900
5957
6120
6356
6487
6492
6579
6584
6803
6816
6888
6953
7591
7776
7974
8103
8114
8115
8251
8272
8564
8572
8582
8597
8624
8662
8810
8901
8921
9069
9107
9120
9249
9268
9290
9308
9547
9592
9922
9997
23
164
205
300
364
372
534
593
605
614
699
734
757
828
840
862
909
948
954
974
978
1221
1233
1346
1473
1621
1711
1829
2055
2067
2326
2430
2474
2478
2480
2631
2873
2929
3273
3282
3382
3565
3715
3732
3906
3964
4289
4349
4421
4843
4938
5020
5302
5335
5406
5417
5477
5672
6172
6326
6509
6527
7028
7109
7203
7309
7337
7354
7474
7552
7784
7956
7959
8070
8088
8199
8209
8249
8343
8348
8606
8682
8758
9000
9077
9168
9441
9566
9832
Query : 1
Nearest neighbor-1: 4080
distanceLSH: 2079.19
distanceTrue: 1554.42
tLSH: 0.004685
tTrue: 0.441671
R-near neighbors:
146
157
221
591
605
629
733
818
1060
1157
1207
1260
1454
1460
1468
1755
1944
2048
2094
2234
2267
2277
2279
2398
2448
2518
2681
2740
2742
2835
2945
3036
3266
3342
3430
3494
3570
3573
3614
3631
3645
3678
3742
3768
3893
3922
3961
4160
4204
4345
4514
4576
4745
4782
4915
4920
4996
5147
5294
5298
5395
5550
5683
5718
5794
6244
6484
6607
6676
6747
7198
7242
7300
7303
7404
7459
7596
7599
7611
7633
7733
7759
7981
8197
8309
8446
8764
8780
8803
8970
9028
9527
9690
9736
9909
9974
302
446
448
596
667
669
688
705
726
1091
1217
1484
1754
1790
1838
1862
1885
1943
2220
2238
2388
2399
2472
2486
2545
2691
2753
3016
3090
3167
3363
3475
3560
3600
3619
3924
4080
4167
4340
4425
4655
4660
4730
5070
5356
5418
5427
5472
5621
5709
5775
6149
6187
6205
6239
6327
6362
6428
6491
6652
6686
6956
6978
7100
7189
7218
7246
7288
7442
7506
7602
7612
7650
7794
7821
7923
7961
7991
7992
8009
8091
8107
8353
8435
8650
8669
8791
8793
8822
8932
8943
8953
8980
9074
9467
9470
9571
9845
9925
10
67
200
358
594
692
759
779
1036
1100
1127
1224
1300
1329
1407
1433
1527
1721
1850
1886
2046
2206
2229
2242
2470
2518
2638
3038
3114
3263
3280
3291
3303
3500
3785
3787
3827
4043
4137
4439
4449
4601
4893
4938
4941
4956
5081
5292
5347
5464
5531
5616
5714
5776
5914
5973
6263
6290
6415
6466
6509
6730
6763
6869
7076
7092
7289
7426
7449
7494
7504
7507
7542
7642
7771
7795
7805
7832
7937
7987
8184
8207
8318
8326
8444
8480
8583
8589
8613
8709
8756
8792
8893
8908
9104
9135
9334
9394
9502
9576
9692
9819
9841
9888
102
171
380
389
392
429
501
576
577
610
612
649
821
841
1072
1090
1187
1388
1407
1418
1432
1578
1606
1626
1627
1630
1733
1759
1774
1784
1868
1946
1961
2021
2022
2234
2244
2263
2913
2956
2987
3048
3051
3067
3137
3231
3415
3557
3571
3730
3734
3759
3877
3954
4113
4140
4161
4249
4260
4316
4375
4497
4847
4848
4994
5063
5140
5370
5915
5958
5963
6048
6198
6279
6355
6414
6767
6833
6884
6995
7008
7048
7125
7202
7368
7447
7775
7852
7909
8080
8142
8283
8473
8559
8641
8694
8910
8989
9016
9028
9035
9040
9179
9199
9454
9482
9520
9883
9988
305
352
355
600
648
784
1139
1156
1162
1257
1334
1386
1507
1751
2099
2130
2533
2565
2573
2634
2703
2804
2852
2892
2909
2959
2961
3038
3093
3177
3255
3357
3539
3570
3863
4014
4070
4135
4242
4331
4459
4585
4612
4672
4825
4877
5253
5444
5582
5649
5799
6103
6115
6229
6235
6679
6743
6853
6922
7039
7296
7338
7392
7485
7852
8075
8082
8706
8968
9031
9054
9238
9336
9385
9481
9594
9601
9680
9725
9803
9889
9969
Query : 2
Nearest neighbor-1: 604
distanceLSH: 706.027
distanceTrue: 497.042
tLSH: 0.004643
tTrue: 0.377293
R-near neighbors:
24
27
110
123
147
213
302
381
465
554
642
903
926
1008
1222
1271
1474
1493
1505
1661
1771
2033
2314
2385
2515
2554
2573
2586
3040
3042
3154
3348
3371
3416
3424
3444
3455
3522
3547
3594
3651
3667
4113
4301
4402
4826
4840
4859
5097
5128
5180
5205
5250
5345
5567
5783
5827
6033
6067
6091
6179
6322
6323
6416
6510
6542
6625
6854
6926
6996
7031
7068
7190
7299
7423
7516
7656
7672
7805
7941
7956
7982
8198
8291
8575
8806
8857
8965
9032
9075
9253
9528
9609
9668
9779
9958
66
188
225
338
407
414
435
445
455
604
639
892
975
979
1048
1060
1148
1368
1439
1618
1698
1717
1917
1945
2008
2058
2119
2218
2242
2324
2357
2359
2567
2649
2682
2683
2723
2962
3066
3080
3197
3208
3214
3249
3268
3463
3729
3752
3948
4046
4053
4083
4213
4487
4489
4620
4691
4781
4784
5133
5453
5684
5744
5747
5884
5942
5975
6302
6395
6605
6620
6876
6901
6970
7120
7238
7271
7317
7492
7834
7898
7905
7947
7969
7986
8070
8110
8373
8423
8488
8573
8583
8760
8764
8807
8894
8951
9057
9083
9211
9236
9300
9534
9583
9597
9629
9721
9791
9856
9976
63
89
91
110
199
297
299
368
569
674
690
721
742
767
839
880
909
965
1167
1172
1241
1280
1408
1454
1485
1773
1847
1875
1909
2029
2044
2102
2133
2154
2241
2303
2409
2459
2547
2589
2820
3063
3080
3160
3202
3274
3276
3368
3550
3593
3638
3687
3804
3992
4258
4337
4397
4468
4858
4925
4993
5035
5272
5485
5500
5582
5634
5724
5760
5781
6296
6364
6385
6411
6431
6494
6549
6793
6862
6879
7085
7137
7179
7207
7238
7245
7340
7425
7551
7614
7623
7681
7691
7747
7830
7970
8004
8066
8342
8383
8411
8451
8511
8776
8894
9096
9428
9451
9605
9629
9773
202
246
301
343
386
461
562
1024
1080
1147
1170
1205
1309
1353
1453
1484
1562
1591
1852
1871
1903
1945
1985
2080
2087
2264
2388
2430
2613
2620
2805
2809
2815
2860
3014
3277
3627
3826
4145
4229
4397
4416
4421
4477
4493
4505
4670
4688
4749
4841
5125
5182
5187
5266
5346
5545
5601
5745
5755
5776
5914
6191
6261
6268
6433
6825
6858
6898
6959
7057
7081
7113
7135
7194
7374
7416
7429
7497
7725
7793
7806
7945
8078
8424
8806
9070
9116
9119
9129
9363
9370
9445
9724
62
120
339
449
461
576
662
672
807
850
887
904
1028
1058
1061
1157
1226
1297
1307
1408
1420
1493
1703
1750
1788
1805
1920
2071
2209
2267
2273
2275
2636
2791
2968
2974
2981
3378
3487
3574
3615
3632
3671
3879
3931
4080
4090
4168
4269
4339
4382
4437
4438
4520
4524
4599
4830
4884
4941
5063
5218
5293
5317
5383
5469
5569
5705
5793
5801
5803
5820
5822
5853
6105
6349
6375
6398
6413
6532
6585
6841
6961
6965
6983
7157
7308
7628
7707
7769
7770
7820
7971
8014
8017
8145
8241
8372
8438
8651
8701
8981
9027
9072
9099
9118
9120
9277
9331
9407
9447
9472
9564
9632
9737
9764
9790
9818
9877
9914
9940
9951
Query : 3
Nearest neighbor-1: 4748
distanceLSH: 1470.69
distanceTrue: 1297.79
tLSH: 0.004476
tTrue: 0.3911
R-near neighbors:
8
132
504
612
630
681
685
720
755
990
1281
1304
1346
1395
1611
1775
1825
1837
1848
2112
2128
2211
2283
2547
2606
2711
2719
2831
2871
2922
2964
2970
3163
3210
3359
3372
3462
3495
3579
3607
3609
3625
3767
3782
3786
3923
4006
4136
4138
4256
4350
4392
4651
4698
4748
4804
4924
5073
5273
5520
5832
5866
5915
5954
5984
6022
6031
6264
6569
6713
6778
6822
7104
7382
7394
7424
7434
7455
7472
7563
7608
7619
7764
7820
7978
8009
8051
8119
8255
8417
8510
8607
8690
8777
8963
8980
9274
9372
9450
9573
9675
9773
9789
9989
206
293
317
335
380
550
908
1251
1263
1270
1500
1815
1923
1939
2000
2035
2046
2112
2223
2284
2292
2329
2342
2444
2498
2616
2745
2784
2867
2879
3006
3040
3089
3168
3438
3465
3571
3649
3762
3883
3889
3896
3898
3942
4317
4481
4539
4589
4621
4739
5067
5074
5162
5274
5381
5426
5530
5556
5580
5689
5765
5781
5798
5831
5860
5880
5933
5947
6134
6224
6374
6496
6557
6849
7059
7149
7207
7537
7538
7561
7586
7684
7713
7763
7858
7940
7951
8054
8167
8512
8565
8594
8672
8819
8837
8898
9036
9134
9496
9518
9794
9842
9951
26
45
351
395
401
436
482
497
522
708
849
902
1275
1303
1304
1525
1533
1597
1779
1790
1884
1915
2163
2250
2286
2377
2432
2574
2594
2621
2633
2676
2753
2811
2829
3206
3338
3341
3342
3501
3513
3600
4031
4210
4279
4455
4544
4553
4630
4646
4729
4819
4874
4980
5049
5062
5150
5177
5280
5356
5451
5516
5620
5711
5874
5891
6135
6174
6367
6408
6424
6471
6622
6630
6739
6849
7029
7258
7291
7644
7754
7901
7932
7984
8105
8195
8246
8335
8433
8475
8546
8593
8595
8620
8713
8783
8879
8924
8938
9068
9100
9133
9163
9175
9203
9236
9278
9358
9456
9568
9574
9651
9726
9734
9760
9899
491
558
564
696
716
721
933
951
992
1256
1326
1339
1441
1652
1675
1955
2238
2346
2349
2380
2397
2446
2494
2839
2875
3075
3096
3146
3475
3567
3600
3717
3787
3834
3861
3971
4015
4060
4107
4563
4593
4599
4706
4726
4729
5003
5109
5249
5680
5735
5853
5913
5918
6034
6061
6125
6138
6144
6860
6918
6973
7299
7338
7633
7672
7758
7931
8029
8180
8342
8387
8417
8576
8700
8845
8869
9207
9346
9377
9387
9470
9717
9877
309
468
513
606
743
877
1027
1053
1062
1143
1187
1243
1398
1436
1515
1551
1593
1625
1793
1834
1898
1960
2002
2110
2119
2200
2263
2279
2280
2420
2454
2593
2758
2768
2921
2991
3087
3131
3132
3184
3191
3231
3252
3269
3290
3372
3537
3673
3725
3888
3978
3979
4024
4486
4494
4517
4848
4895
4948
4958
5001
5018
5023
5297
5380
5415
5755
5892
5975
6210
6244
6258
6289
6424
6432
6966
6977
7311
7386
7432
7521
7561
7612
7632
7717
7799
7949
8078
8278
8463
8548
8725
8727
8794
8890
8995
9373
9452
9635
9637
9690
9828
9971
Query : 4
Nearest neighbor-1: 3701
distanceLSH: 1632.78
distanceTrue: 1322.51
tLSH: 0.004272
tTrue: 0.361473
R-near neighbors:
65
76
330
371
418
507
549
559
579
633
661
667
831
880
1021
1035
1205
1235
1352
1449
1533
1556
1856
1900
1931
1957
1977
2075
2082
2194
2209
2307
2310
2523
2748
2754
2793
2815
2907
2916
3047
3169
3282
3306
3320
3397
3584
3634
3730
3751
3841
3852
3930
3933
3965
4092
4129
4335
4452
4548
4628
4813
4946
4972
5047
5548
5576
6136
6150
6193
6218
6401
6434
6515
6525
6732
6893
6991
7032
7074
7138
7142
7150
7372
7395
7572
7671
7708
7789
8064
8076
8106
8108
8123
8344
8391
8453
8559
8659
8790
8813
8898
9045
9116
9520
9521
9662
9697
9719
9785
9879
19
97
253
341
376
809
997
1322
1399
1438
1573
1636
1772
1804
1867
1925
2071
2515
2538
2677
2788
2851
2956
3172
3590
3626
3807
3917
3940
4017
4058
4114
4401
4516
4690
4695
4764
4775
4914
5093
5107
5306
5476
5726
5729
5757
5833
5924
6007
6283
6342
6411
6608
6855
6889
7209
7211
7267
7287
7295
7298
7421
7451
7563
7699
7705
7937
8007
8008
8221
8231
8241
8495
8541
8552
8559
8661
9008
9091
9268
9453
9680
9695
9787
304
348
435
512
521
559
623
739
822
837
918
939
947
1091
1246
1270
1438
1470
1543
1921
2013
2023
2043
2150
2221
2257
2376
2443
2618
2748
2997
3023
3044
3173
3382
3630
3701
3751
3779
3860
3983
4061
4169
4228
4322
4550
4579
4594
4623
4660
4665
4670
4704
4932
4959
4995
5123
5141
5173
5196
5275
5411
5442
5471
5489
5538
5592
5649
5673
5684
5834
5878
5918
5930
6021
6131
6359
6475
6499
6524
6556
6565
6618
6704
6712
6905
7124
7182
7226
7309
7332
7342
7431
7550
7627
7776
7874
8087
8785
8825
8944
8945
9065
9090
9318
9323
9333
9352
9426
9439
9486
9558
9624
9684
42
98
107
209
214
256
262
288
431
477
480
545
768
955
1098
1133
1138
1191
1192
1287
1317
1360
1648
1768
1879
2085
2171
2241
2352
2413
2437
2901
2904
2927
2979
3047
3049
3060
3064
3209
3417
3429
3441
3692
3713
3896
3957
4064
4082
4089
4100
4224
4547
4934
4984
5021
5165
5235
5274
5335
5565
5764
5773
5907
5969
5995
6130
6336
6347
6493
6554
6569
6636
6769
6824
6869
6870
6919
6950
7022
7044
7198
7203
7233
7237
7303
7307
7308
7349
7359
7508
7555
7699
7891
8061
8499
8553
8622
8701
8766
8816
9012
9075
9337
9343
9500
9528
9573
9668
9714
9805
9842
9954
9992
176
217
426
456
555
811
861
934
1109
1158
1182
1209
1376
1450
1477
1581
1597
1693
1748
1943
1948
2336
2338
2394
2425
2490
2492
2578
2720
2746
2822
2883
3203
3582
3596
3682
3731
3834
3880
3924
4191
4194
4621
4639
4763
4810
4835
4841
4969
5002
5012
5180
5330
5423
5508
5537
5606
5618
5675
5816
6315
6350
6766
7023
7036
7134
7152
7162
7216
7391
7434
7801
8277
8584
8610
8634
8718
8851
8998
9085
9182
9668
