Query : 0
Nearest neighbor-1: 14563
distanceLSH: 909.704
distanceTrue: 676.584
Nearest neighbor-2: 15260
distanceLSH: 921.624
distanceTrue: 793.987
Nearest neighbor-3: 52010
distanceLSH: 1020.49
distanceTrue: 862.677
Nearest neighbor-4: 48108
distanceLSH: 1029.61
distanceTrue: 864.504
Nearest neighbor-5: 40710
distanceLSH: 1064.25
distanceTrue: 894.7
tLSH: 0.725292
tTrue: 14.0079
R-near neighbors:
52
123
624
741
1673
1693
2161
2460
2512
3235
3887
4242
4575
5269
5326
5546
7167
7197
7301
7348
7852
8015
8361
8572
8735
9988
10019
10577
11370
11499
11642
11907
13665
13718
13823
14088
14242
15147
15170
15260
15593
15860
15895
16004
16015
16122
16419
17531
17830
18513
18556
18734
18773
18793
18857
19352
19817
20036
20227
20669
20759
20765
20834
20962
21086
21169
21175
21400
21483
21732
22371
22546
22858
22971
23149
23711
23965
24131
24413
24813
24815
24878
24935
25469
25522
25693
26010
26088
26337
27516
27971
27983
28575
28597
28774
29277
29412
29859
30627
30664
30728
30917
31027
31207
31589
31731
32066
32460
32599
32608
33315
33618
34047
34178
34516
34560
34651
34844
35224
35416
35937
35961
36613
36774
36873
36889
37068
37093
37420
37612
37764
38026
38038
38723
38943
39234
39254
39348
39614
39845
40060
40679
40742
40774
40810
41095
41665
41671
42099
42195
42306
42458
42798
43143
43346
43798
43886
43992
44150
44577
44623
44772
44908
45606
46009
46055
46065
46171
46263
46686
46836
46973
47362
47893
48522
48694
48903
48980
49174
49399
49906
50468
50708
50732
50763
51043
51068
51358
51384
51691
52407
52588
52653
53276
53624
53766
54167
54695
55086
55344
55444
55563
55652
55829
55848
55915
56329
56426
56521
56638
56655
56873
57032
57828
57874
58187
58221
58635
58950
59006
59048
59162
59204
59524
59733
59761
59839
59856
103
183
267
478
898
1353
1392
1513
2223
3150
3453
3515
3804
3823
3951
4806
4965
4977
5264
5465
5769
6479
6485
6550
7667
8068
8138
8576
8741
8959
9770
9787
9817
9933
10046
10095
10461
10548
10621
10788
11059
11437
11838
12754
13292
13571
13572
13915
14082
14216
14563
15323
15393
15400
15545
16162
16226
16324
16338
16557
16829
17278
17303
17497
17531
17798
17809
17897
18860
19073
19283
20036
20404
20513
20576
21083
21243
21592
21669
22371
22456
22467
22534
22993
23815
24094
24337
24675
24699
25110
25348
25653
25681
25817
25868
26259
26269
26304
26506
26549
26699
26829
26916
27577
28346
28737
29213
29443
29714
30245
30290
30627
30825
30912
30936
30988
31387
31671
31747
31902
32416
32432
32629
32861
32873
33140
33300
33830
34047
34079
34207
34419
34609
34998
35101
35321
35334
36258
36790
36840
38087
38247
38813
39310
39500
39729
39845
39847
40001
40430
40774
41177
41470
41681
41783
41827
42134
42146
42222
42231
42352
42621
42629
42977
43075
43341
43356
43645
44185
44340
44726
45119
45421
45879
46053
46648
46673
46769
47242
47416
48108
48165
48622
50365
50375
51862
51971
52010
52750
53021
53392
53501
53703
53886
54548
54751
55119
55265
55347
55374
55409
55693
55799
55882
56074
56152
56196
56815
56850
56983
57083
57137
57285
57504
57786
57894
57896
58143
58292
58574
58701
58717
58722
58761
58972
59068
59088
59653
59745
500
680
883
1612
1687
1811
1825
1933
2116
2865
3008
3151
3718
4045
4774
4806
4932
5224
5242
5326
5390
5538
5607
5704
5784
5797
5811
6134
6147
6294
6908
7314
7686
8165
8931
8966
8971
9200
9434
9878
10507
10640
10784
10841
11103
11220
11372
12031
12293
12515
12529
13192
13756
13801
13814
14391
15079
15243
15340
15499
15952
16197
16261
17114
17384
17455
17718
18825
20030
20214
20380
21222
21437
21595
21871
21885
21915
22295
22667
23686
23704
24788
25211
25625
25716
25874
26287
26316
26513
27373
28542
29127
29165
29727
29919
30015
30190
30294
30558
30657
31156
31274
31405
31523
31674
31747
31991
32117
32700
32764
32820
33639
33944
34178
34278
34670
34970
35490
35871
35961
36029
36105
36534
36935
36936
37133
37772
37784
38038
38810
39371
39580
39762
40001
40338
40344
40710
41470
41574
41660
41691
42129
42997
43337
43598
44010
44050
44257
44774
44863
45334
45428
45440
45535
45618
45811
47203
47423
47487
47537
47849
48201
48416
48622
48647
48787
48829
48980
50129
50708
50872
51043
51068
51080
51123
51138
51783
52071
52235
52405
52517
52779
53094
53258
53372
53483
54135
54148
54365
54435
54695
54863
55809
55885
56096
56542
57017
57375
57545
57646
57723
57733
57894
58014
58708
58742
59003
59068
59083
59174
59524
59661
288
412
904
1803
2115
2116
2431
2579
2985
3059
3507
3556
4254
4503
4523
4671
5253
5283
5437
5797
6947
7028
7605
7610
8015
8044
8571
8572
8745
8991
9162
9432
9644
10043
10046
10969
11223
11473
12287
12788
13053
13429
13482
13566
13789
14391
14926
15170
15192
15319
15387
15570
15635
15818
16557
16609
16967
18025
18160
18351
18358
18469
18691
18736
18809
19257
19270
19327
19352
19403
19780
19817
20229
20264
20301
20385
21145
21159
21352
21463
21603
22326
22399
22534
22651
22993
23451
23551
23787
23815
23840
23951
23965
24260
24415
24797
24907
25247
25830
26021
26322
26346
26525
27581
27626
27867
28053
28417
29344
29450
29792
30021
30065
30672
31192
31213
31387
32149
32613
32945
33232
33300
33506
34094
34149
34233
34556
34666
34673
34941
35479
35668
35938
36105
36178
36302
36465
37245
37297
37399
37423
37772
37775
37920
37963
38047
38869
39089
39795
39821
39949
40506
40512
41168
41493
41603
42018
42067
42077
42430
42549
43174
43400
43670
43859
43911
44005
44403
44708
44947
45014
45308
45583
45829
46095
46119
46133
46351
46771
47071
48639
48709
48829
48979
49063
49277
49319
49320
49540
50129
51043
51093
51477
51683
51691
51885
52010
52071
52176
52193
52211
52217
52568
52587
52591
52606
52842
52964
53003
53213
53847
54497
54691
54777
55849
55928
56359
56650
56873
57563
57627
57782
58069
58128
58681
58746
58979
59118
59127
59191
59276
59469
59513
59661
59745
59776
26
247
267
567
994
1417
1422
1513
1612
1746
1848
2348
2402
2433
2576
3343
3935
4229
4338
4571
4774
4932
5214
5219
5575
6176
6566
6914
7071
7241
7301
7899
7945
8044
8231
8364
8559
8804
9905
10388
11293
11333
12116
12293
12571
12737
13452
13638
13644
14519
14547
14563
14710
14969
15209
15465
15469
15906
16240
16420
16478
16537
16848
17117
17119
17497
17533
17830
18160
18552
18604
19395
20062
20227
20229
20977
21148
21732
21871
21915
22858
22950
23451
23590
24140
24505
24548
24639
24652
24727
24975
25506
25639
25716
25775
25868
26004
26088
26316
26361
26426
26441
26668
26734
26861
26916
26967
26969
27868
28229
28417
28791
29801
30062
30583
30659
30686
30745
30982
30998
31003
31041
31550
31713
31828
31914
32066
32428
32542
32700
32888
33170
33300
33867
33988
34223
34230
34233
34278
34280
34344
34446
36027
36365
36648
37029
37556
37921
38215
39148
39234
39557
40067
40214
40317
40323
40361
40810
41174
41258
41300
41530
41697
41707
42057
42378
42619
42718
42855
43104
43174
43187
43533
43840
43923
44043
44470
44538
44774
45527
45533
45879
46636
46671
46717
46819
47217
47485
47806
47898
48146
48874
49676
50365
50375
50519
50849
50943
50963
51282
51477
51765
51766
51859
51862
51916
52178
52249
52490
52991
52997
53137
53190
53213
53279
53442
53783
54565
54734
54759
54961
55147
55189
55195
55711
56393
56483
56486
56780
56846
57097
57152
57361
57526
58042
58128
58383
58517
58526
58545
58972
58975
59058
59182
59204
59469
59794
Query : 1
Nearest neighbor-1: 16902
distanceLSH: 1330.8
distanceTrue: 1162.93
Nearest neighbor-2: 17757
distanceLSH: 1365.37
distanceTrue: 1211.84
Nearest neighbor-3: 23468
distanceLSH: 1536.46
distanceTrue: 1285.93
Nearest neighbor-4: 26357
distanceLSH: 1551.37
distanceTrue: 1292.12
Nearest neighbor-5: 1609
distanceLSH: 1554.42
distanceTrue: 1330.8
tLSH: 0.755805
tTrue: 14.688
R-near neighbors:
22070
26357
29843
51726
54956
2184
11364
16902
21952
25004
40388
46556
51726
57338
1058
5908
16925
20078
43852
56819
13984
16925
21493
22280
43852
51726
1609
5816
17757
18922
23468
26357
30860
33662
45880
Query : 2
Nearest neighbor-1: 46512
distanceLSH: 332.464
distanceTrue: 321.663
Nearest neighbor-2: 47333
distanceLSH: 367.715
distanceTrue: 332.464
Nearest neighbor-3: 44038
distanceLSH: 377.33
distanceTrue: 341.048
Nearest neighbor-4: 42531
distanceLSH: 416.665
distanceTrue: 367.715
Nearest neighbor-5: 12578
distanceLSH: 439.353
distanceTrue: 377.33
tLSH: 0.687454
tTrue: 13.4298
R-near neighbors:
22
65
72
200
507
508
518
634
711
900
1025
1086
1133
1171
1252
1369
1457
1476
1481
1557
1680
1699
1804
1816
1818
1850
1866
2049
2198
2326
2791
2884
2932
3060
3140
3150
3182
3271
3411
3456
3545
3598
3871
3956
3966
3971
4049
4109
4120
4140
4166
4286
4407
4420
4467
4507
4514
4604
4764
4774
4903
4913
4944
5023
5075
5355
5381
5479
5483
5700
5732
5933
5994
6124
6130
6192
6247
6458
6459
6586
6683
6695
6702
6789
6822
6841
7007
7047
7053
7205
7341
7489
7620
7716
7896
8063
8144
8225
8286
8600
8757
8767
8786
8880
9103
9106
9219
9251
9260
9285
9295
9480
9504
9534
9567
9582
9856
10118
10132
10268
10358
10420
10562
10581
11236
11297
11328
11498
11509
11747
11809
11827
11905
11917
11953
11965
12040
12068
12238
12302
12356
12367
12436
12794
12824
12908
13048
13050
13212
13390
13433
13475
13617
13699
13757
13855
13856
13961
14021
14134
14149
14345
14348
14464
14701
14892
14940
14992
15008
15009
15020
15022
15143
15255
15273
15316
15523
15763
15812
15933
15974
16050
16061
16096
16102
16121
16234
16324
16346
16371
16534
16644
16835
16876
16949
17279
17526
17586
17684
17763
17824
17893
18204
18304
18339
18451
18474
18480
18510
18524
18540
18792
18806
18824
19136
19193
19289
19421
19452
19614
19648
19776
19808
19940
20054
20066
20348
20444
20479
20674
20806
21031
21070
21230
21468
21638
21707
21725
21744
21765
21834
21964
22000
22349
22399
22419
22447
22464
22476
22490
22584
22776
22790
22834
23036
23595
23665
23680
24138
24143
24150
24164
24205
24288
24289
24461
24509
24563
24624
24705
24707
24729
24824
24863
24879
24895
24942
24991
24996
25112
25227
25328
25352
25434
25719
25748
25759
25850
26048
26104
26167
26174
26295
26560
26664
26734
26750
26900
26983
26998
27138
27222
27254
27266
27455
27677
27729
27759
27871
27895
27920
27968
28190
28194
28382
28492
28522
28804
28862
29068
29093
29227
29285
29322
29448
29551
29632
29791
29811
29870
29924
30035
30061
30084
30111
30179
30486
30649
30773
30822
30832
30894
30938
31061
31110
31239
31282
31300
31431
31465
31487
31537
31552
31652
31659
31864
31871
31890
31911
31950
32189
32261
32310
32332
32482
32496
32958
33005
33098
33134
33279
33339
33394
33503
33535
33577
33799
33861
33944
33981
34125
34270
34364
34542
34566
34652
34788
34922
35026
35303
35318
35710
35935
35943
35995
36083
36164
36265
36546
36851
36898
36928
36936
37008
37094
37179
37232
37327
37330
37354
37618
37674
37687
37808
37862
37912
37997
38078
38084
38098
38213
38285
38354
38370
38384
38413
38457
38538
38677
38831
38986
38999
39106
39196
39554
39604
39713
39843
39896
40140
40294
40298
40380
40664
40698
40770
40861
40864
40882
40884
40924
40952
41022
41139
41205
41250
41266
41475
41562
41587
41642
41809
41879
42209
42531
42612
42768
42859
42922
43006
43019
43400
43598
43770
43910
44099
44294
44341
44351
44369
44392
44530
44582
44693
44725
44957
45001
45092
45130
45131
45140
45258
45385
45582
45681
45861
45893
45955
46032
46071
46077
46110
46127
46138
46199
46240
46267
46275
46422
46638
46685
46842
46913
47052
47084
47349
47580
47681
47844
47850
47875
47910
47918
47984
48020
48290
48852
48998
49017
49035
49062
49087
49141
49210
49464
49555
49646
49920
50065
50090
50103
50326
50413
50497
50682
50718
50838
51100
51178
51439
51483
51766
51790
51989
51991
52450
52670
52671
52687
52731
52762
53018
53041
53160
53321
53351
53489
53518
53601
53606
53715
53720
53779
53790
53886
53928
54006
54094
54187
54267
54452
54485
54501
54586
54611
54676
54708
54720
54738
54773
54824
54850
54891
55431
55478
55494
55609
55768
55883
55961
56057
56192
56311
56412
57072
57094
57160
57167
57410
57430
57722
57748
57857
57969
57998
58105
58109
58153
58344
58372
58486
58511
59387
59428
59533
59616
59662
59694
59854
59990
40
77
309
357
447
600
754
982
1115
1553
1704
1710
1770
1807
1854
2151
2362
2363
2580
2645
2838
2907
2937
3166
3271
3276
3306
3428
3458
3486
3530
3561
3644
4003
4258
4476
4514
4524
4638
4643
4900
4980
5206
5294
5483
5564
5568
5848
5870
5878
5950
6048
6052
6075
6142
6372
6423
6488
6498
6709
6817
6831
7053
7057
7216
7235
7278
7317
7352
7574
7588
7696
8112
8160
8194
8222
8423
8452
8538
8610
9103
9186
9213
9457
9674
9837
9878
9906
10041
10133
10145
10450
10512
10636
10746
10985
10990
11143
11200
11242
11247
11324
11362
11433
11508
11917
12106
12362
12367
12388
12510
12698
12724
12771
12812
12847
12954
13145
13272
13568
13968
14008
14016
14079
14310
14524
14531
14573
14584
14595
14724
14942
15138
15231
15259
15312
15360
15413
15889
15933
16367
16399
16475
16824
16855
16904
16946
16950
17042
17068
17180
17347
17356
17402
17422
17430
17450
17451
17632
17800
17960
17984
18070
18095
18163
18190
18266
18338
18366
18404
18410
18545
18579
18692
18863
19010
19088
19150
19468
19544
19560
19780
19790
19816
19978
20066
20131
20152
20190
20237
20319
20350
20438
20461
20708
20756
20952
21008
21031
21088
21288
21336
21414
21575
21587
21594
21656
21693
21716
21761
21804
21958
21984
22004
22137
22313
22347
22621
22798
22859
23078
23203
23240
23254
23318
23342
23396
23542
23703
23727
23835
23857
23921
24070
24135
24205
24275
24322
24372
24567
24634
24779
24824
24879
24974
25001
25052
25443
25687
25825
25843
25910
25970
25981
26182
26225
26423
26458
26556
26582
26598
26726
26802
26934
27207
27276
27297
27354
27396
27402
27464
27662
27705
27790
28388
28482
28522
28538
28586
28738
28834
28878
28906
28922
29038
29088
29114
29214
29322
29407
29416
29666
29679
29846
29879
29896
29968
29988
30039
30072
30084
30200
30230
30288
30292
30448
30532
30598
30614
30623
30649
31029
31093
31232
31235
31237
31287
31307
31320
31375
31406
31426
31573
31597
31659
31707
31715
31815
31842
32202
32254
32295
32314
32367
32430
32472
32592
32632
32660
32985
33040
33298
33437
33446
33880
34168
34218
34270
34386
35048
35260
35270
35446
35508
35657
35669
35949
35998
36046
36273
36436
36501
36625
36774
36818
36898
37001
37036
37196
37202
37334
37483
37585
37629
37687
37872
38252
38264
38349
38424
38779
38828
39012
39048
39057
39106
39160
39540
39552
39610
40098
40181
40210
40397
40480
40574
40664
40770
40800
40852
40918
41134
41424
41559
41712
41728
41733
41825
41860
41879
41884
42000
42287
42393
42491
42502
42512
42537
42666
42694
42834
42968
42986
43016
43051
43090
43114
43174
43406
43480
43582
43616
43684
43801
43870
43911
43933
43951
44034
44288
44385
44542
44574
44705
44854
44857
44966
45131
45143
45192
45278
45541
45627
45762
45814
45827
45999
46015
46026
46044
46046
46598
46637
46865
46918
47098
47253
47681
47735
47777
47875
47880
47910
48074
48250
48515
48518
48770
49007
49118
49283
49350
49362
49488
49612
49665
49691
49733
49860
49919
50075
50246
50273
50553
50591
50614
50682
50838
50914
51322
51439
51509
51714
51772
51833
51848
51998
52046
52243
52262
52316
52325
52359
52505
52582
52662
52689
52693
52843
52948
53049
53222
53405
53448
53471
53548
53720
53726
53752
54096
54436
54468
54576
54579
54778
54824
55046
55169
55488
55604
55650
56204
56559
56644
56696
56882
56955
56991
57099
57109
57155
57160
57173
57272
57340
57458
57572
57722
57842
57857
57966
57968
57998
58042
58047
58135
58539
58551
58561
58926
59044
59150
59750
59864
59932
59968
11
99
412
466
584
600
780
884
1088
1365
1433
1640
1665
1710
1832
1906
1910
1989
1990
2015
2442
2448
2546
2618
2784
2790
2794
3080
3140
3189
3358
3509
3545
3723
3764
4128
4165
4280
4408
4557
4644
4706
4716
4750
4772
4872
4971
4978
5110
5296
5306
5443
5666
5760
5789
5858
5873
5933
5970
6443
6458
6459
6521
6661
6678
6698
6727
6747
6849
7189
7317
7339
7384
7435
7473
7476
7496
7618
7732
7877
7910
8177
8291
8348
8558
9019
9374
9417
9584
9693
10040
10055
10147
10248
10345
10545
10556
10565
10614
10653
10659
10684
10707
10894
10907
11012
11115
11216
11236
11283
11445
11549
11593
11622
11632
11671
11765
11835
11837
11883
12013
12071
12436
12512
12578
12812
12820
12828
12932
13060
13070
13292
13379
13390
13574
13633
13700
14038
14056
14312
14382
14427
14492
14636
14736
15022
15152
15417
15554
15809
15820
15959
16011
16040
16265
16384
16418
16643
16658
16723
16918
17068
17348
17378
17459
17465
17538
17563
17612
17695
17721
17748
17841
17856
17885
17938
18019
18095
18148
18182
18360
18470
18474
18695
19090
19226
19323
19912
20218
20252
20618
20879
20975
21060
21077
21101
21230
21248
21326
21744
21826
21923
22078
22153
22319
22419
22656
22848
22892
23076
23133
23167
23295
23342
23399
23511
23713
23748
23755
23854
23911
24198
24436
24535
24617
25057
25112
25220
25302
25412
25451
25508
25687
25744
25781
25891
26167
26250
26350
26409
26458
26559
26584
26696
26905
26984
27124
27142
27168
27256
27300
27348
27501
27585
27785
27822
28000
28056
28191
28232
28320
28321
28394
28482
28569
28777
28956
29222
29430
29528
29746
29763
29867
29951
30126
30143
30282
30553
30649
30667
30674
30719
30737
30775
30894
31064
31074
31113
31250
31280
31443
31597
31640
31798
32314
32326
32397
32486
32536
32594
32635
32642
32853
33176
33232
33365
33508
33567
33580
33615
33750
33871
33935
34053
34423
34454
34705
34714
34759
34782
34874
34930
35026
35198
35224
35241
35252
35281
35286
35480
35508
35695
35698
35710
35912
36007
36033
36045
36342
36448
36516
36517
36682
36774
36794
37461
37645
37652
37668
37710
37882
38026
38078
38492
38680
38689
38718
38740
39017
39072
39089
39398
39542
39646
39658
39699
40071
40240
40323
40548
40658
40692
40800
40903
41192
41247
41380
41618
41677
41728
41783
41784
41816
41852
41894
41939
42252
42371
42485
42673
42716
42719
42740
42888
42968
43001
43030
43094
43125
43263
43500
43539
43684
43734
43790
43879
43921
43959
43984
44120
44165
44368
44446
44574
44622
45143
45538
45743
45921
46015
46040
46142
46213
46216
46311
46452
46504
46512
46520
46583
46638
46954
47035
47082
47129
47200
47234
47238
47333
47502
47790
47922
47982
48085
48126
48261
48336
48464
48590
48611
48697
48762
48805
48941
48953
49131
49145
49203
49384
49566
49578
49603
49606
49631
49636
49664
49851
49941
49972
50132
50215
50367
50393
50413
50541
50644
50751
51010
51124
51250
51454
51493
51867
51900
51901
51949
51991
52009
52268
52278
52466
52570
52615
52627
53119
53135
53310
53326
53394
53395
53531
53564
53612
53687
53782
53866
53904
53920
53955
54122
54154
54173
54177
54236
54254
54329
54576
54825
54917
55299
55306
55352
55740
55747
55848
55914
56028
56218
56423
56432
56506
56538
56566
56779
56864
56945
56988
57046
57055
57057
57085
57155
57196
57258
57272
57368
57405
57418
57709
57781
57836
57899
58082
58101
58153
58331
58335
58427
58451
58593
59153
59387
59488
59516
59625
59632
59927
72
144
153
315
572
593
601
618
628
747
936
939
941
951
959
1118
1123
1211
1284
1331
1463
1601
1835
1846
2198
2318
2374
2616
2980
2991
3099
3122
3130
3136
3189
3297
3310
3345
3364
3399
3486
3511
3546
3600
3912
4006
4162
4420
4445
4498
4552
4561
4619
4632
4643
4742
4766
4941
5078
5112
5301
5375
5675
5700
5746
5936
5974
6020
6122
6395
6494
6770
6841
6926
6951
6962
7015
7074
7089
7099
7124
7205
7289
7307
7330
7381
7383
7429
7476
7491
7572
7618
7628
7971
8123
8176
8286
8486
9031
9045
9175
9199
9261
9653
9758
9796
10151
10153
10322
10342
10346
10431
10434
10614
10667
10675
10713
10894
10926
10952
11132
11135
11139
11156
11275
11312
11360
11522
11558
11666
11863
11995
12038
12071
12212
12375
12510
12532
12698
12805
12886
12932
13100
13178
13334
13663
13757
13814
14212
14366
14612
14678
14858
14962
15026
15112
15578
15990
16062
16068
16147
16218
16234
16292
16367
16636
16641
16806
16930
16931
17072
17259
17302
17357
17425
17451
17459
17638
17803
17900
17942
18258
18297
18372
18400
18410
18524
18556
18640
18724
18828
18829
18918
19067
19091
19093
19100
19113
19168
19220
19226
19410
19468
19560
19630
19648
19688
19978
20232
20350
20453
20550
20563
20606
20644
20774
20802
20838
20875
20954
21019
21109
21326
21364
21424
21478
21541
21575
21687
21707
21715
22222
22330
22464
22580
22659
22738
22818
22834
22872
22982
23240
23314
23364
23529
23751
23844
24018
24056
24198
24403
24405
24634
24678
24705
24947
24958
24983
25027
25153
25200
25421
25485
25537
25540
25562
25719
25751
25779
25835
25836
25873
25888
25989
26174
26250
26721
26828
27134
27270
27516
27774
28086
28094
28120
28166
28291
28388
28695
28823
28878
28956
29204
29239
29304
29403
29466
29550
29556
29567
29645
29806
30104
30125
30143
30346
30427
30639
30727
30754
30854
30938
31012
31068
31196
31342
31357
31386
31521
31552
31592
31672
31762
31848
32233
32306
32484
32947
33164
33178
33504
33510
33658
33662
33684
33728
33764
33924
33942
33981
34055
34092
34248
34306
34349
34516
34531
34595
34727
34757
35008
35026
35100
35278
35345
35539
35609
35632
35647
35677
35756
35948
35989
36013
36085
36091
36185
36282
36370
36422
36426
36488
36625
36872
36933
37001
37207
37285
37330
37346
37405
37483
37564
37648
37710
37802
37872
37884
37921
38160
38178
38263
38287
38304
38313
38337
38398
38495
38528
38585
38823
38940
38969
39027
39247
39268
39485
39541
39688
39843
39920
40101
40124
40294
40300
40318
40358
40362
40380
40710
40725
40819
40896
40909
40974
41132
41454
41638
41660
41678
41712
41717
41753
41823
41972
42026
42260
42351
42491
42494
42769
42786
42798
42816
42852
42874
42958
42961
43039
43142
43336
43570
43615
43715
43860
43901
43916
43984
44038
44108
44183
44242
44339
44627
44698
44759
45075
45092
45143
45297
45532
45572
45690
45703
45768
45893
45955
46267
46342
46382
46407
46705
47022
47030
47050
47692
48020
48156
48798
48922
48976
49018
49068
49241
49318
49368
49386
49392
49450
49610
49680
50130
50178
50261
50326
50440
50608
50646
50776
50874
50911
50942
51070
51240
51369
51406
51480
51724
51767
51848
51998
52031
52162
52219
52220
52257
52309
52351
52460
52632
52741
52745
52828
52927
52940
53158
53196
53278
53436
53736
53761
53780
53782
53904
53980
54193
54207
54250
54276
54335
54744
54753
54758
54824
54956
54963
54975
55086
55126
55127
55232
55326
55418
55454
55578
55580
55634
55888
55914
56169
56180
56194
56278
56349
56410
56443
56525
56541
56559
56696
56772
56864
57001
57025
57039
57057
57084
57141
57243
57433
57503
57521
57852
57865
57929
58006
58051
58099
58134
58338
58493
58557
58586
58588
58614
58661
58719
59075
59521
59722
59749
59947
43
77
102
231
406
518
590
650
778
955
959
1002
1120
1492
1570
1576
1668
1714
1832
1970
1992
2008
2442
2495
2546
2708
2717
2838
2902
2907
2991
3004
3113
3132
3182
3545
3567
3626
3692
3871
3954
4566
4575
4750
4815
4950
4971
5256
5262
5301
5408
5429
5746
5824
5847
5880
6003
6108
6254
6419
6654
6748
6880
6900
6976
7126
7182
7239
7245
7324
7335
7336
7349
7370
7440
7496
7628
7659
7764
7832
7884
7941
8023
8219
8470
8633
8689
8815
8849
8873
8934
8965
9159
9220
9312
9374
9504
9758
9866
9987
10133
10152
10172
10290
10378
10540
10545
10662
10712
10719
10746
10866
11100
11210
11225
11258
11272
11339
11371
11387
11441
11518
11533
11561
11576
11721
11755
11809
11810
12432
12434
12436
12464
12558
12847
12850
12929
13006
13296
13376
13424
13542
13631
13694
13782
13825
14038
14271
14314
14366
14374
14734
14759
14846
15264
15353
15548
15885
15921
16233
16292
16699
16757
16872
16885
16943
16991
17029
17220
17232
17254
17262
17337
17543
17594
17775
17824
17892
17942
18148
18229
18294
18330
18338
18384
18393
18442
18647
18663
18741
18853
18912
18918
19077
19279
19304
19434
19441
19516
19636
19674
19683
19742
20094
20284
20288
20350
20618
20643
20686
20706
20760
20787
20799
20930
21200
21761
21839
22093
22120
22198
22229
22275
22351
22377
22392
22475
22622
22642
22712
22755
22766
22794
22924
22984
22996
23012
23133
23182
23213
23318
23493
23511
23703
23774
23954
24099
24209
24275
24352
24353
24421
24555
24563
24580
24628
24738
25064
25068
25148
25259
25328
25451
25703
25799
25857
26104
26193
26265
26322
26413
26419
26443
26445
26450
26487
26498
27052
27072
27134
27242
27250
27287
27455
27464
27516
27578
27684
27707
27751
27759
27766
27785
27808
27913
28110
28350
28363
28608
28617
28664
28744
28823
28984
29125
29206
29214
29694
29810
29814
29879
29889
30010
30140
30264
30299
30338
30381
30441
30448
30464
30558
30777
30921
30978
31058
31074
31113
31320
31537
31571
31599
31725
31839
31862
32054
32138
32294
32346
32484
32554
32741
32787
33091
33164
33183
33191
33339
33438
33635
33856
34080
34096
34164
34166
34206
34215
34811
34934
35236
35260
35414
35504
35699
35865
36386
36706
36774
36784
36872
36992
37038
37207
37407
37461
37568
37585
37652
37912
38004
38047
38235
38444
38459
38462
38490
38532
38724
38728
38774
38821
38948
38952
38980
39012
39089
39106
39160
39169
39228
39248
39272
39294
39328
39579
39695
39773
39857
39984
40050
40056
40201
40238
40276
40310
40357
40384
40459
40676
40773
40779
40973
40987
41026
41103
41329
41360
41449
41518
41524
41563
41677
41750
41829
41850
42044
42252
42307
42332
42404
42412
42463
42502
42518
42582
42859
42962
42999
43035
43057
43098
43107
43470
43474
43642
43680
43704
43714
43715
43790
43801
43945
43989
44405
44424
44540
44582
44785
45001
45006
45130
45186
45252
45406
45423
45449
45451
45703
45706
46009
46038
46127
46138
46165
46178
46204
46268
46302
46316
46569
46598
46823
46918
47233
47257
47297
47449
47670
47681
47758
48077
48119
48177
48189
48596
48696
48718
48765
48844
48852
48897
48956
48966
48998
49017
49045
49203
49450
49540
49702
49931
50152
50333
50404
50512
50670
50866
50956
50993
51058
51285
51384
51530
51821
51840
52078
52120
52451
52460
52492
52990
53476
53600
53779
53780
54023
54070
54167
54193
54199
54322
54554
54716
54738
54957
55249
55260
55550
55574
55848
55939
55961
56374
56494
56660
56784
56834
56939
57001
57014
57132
57181
57223
57301
57473
57572
57753
57773
57997
58051
58270
58397
58554
58557
58708
58719
58980
59149
59176
59373
59454
59498
59520
59527
59902
59930
59945
59960
Query : 3
Nearest neighbor-1: 29044
distanceLSH: 1221.58
distanceTrue: 1221.58
Nearest neighbor-2: 59244
distanceLSH: 1228.23
distanceTrue: 1228.23
Nearest neighbor-3: 4356
distanceLSH: 1325.31
distanceTrue: 1238.34
Nearest neighbor-4: 11974
distanceLSH: 1429.3
distanceTrue: 1251.65
Nearest neighbor-5: 34392
distanceLSH: 1445.28
distanceTrue: 1297.79
tLSH: 0.742079
tTrue: 14.4403
R-near neighbors:
296
1712
3262
3610
3778
4718
4981
8000
9742
11340
12550
14393
14574
15759
18073
19588
22224
22288
22636
24075
27820
28519
30943
31356
32605
33230
33677
33835
34392
35488
36223
36376
37047
37844
39701
42776
44700
46459
46579
46582
48727
52397
52597
53460
55922
57162
2082
4027
4067
4108
4962
8000
8046
9703
9790
14425
18219
18319
19240
21390
22706
23980
24320
24698
24877
26507
27206
27484
29044
29559
30965
31199
32268
33277
34296
35488
37476
40099
42499
44603
45540
45952
47396
47696
47740
48299
48488
50101
50151
53117
54783
55622
56940
58110
58402
59255
367
1502
1897
3702
3964
4374
5133
5266
7004
7129
7664
8809
8897
12134
13238
14393
17606
19485
19490
19859
20591
20727
24069
25773
26859
26930
27050
28784
29684
31937
33302
33835
33933
35148
35700
36929
37510
37981
38179
38946
39306
40043
42270
44518
45960
46797
50485
50769
51685
52396
52629
52720
52832
54371
55130
55355
56161
57494
58500
59272
639
1018
1837
3286
4108
4356
5285
7728
11974
12008
15344
18171
18461
19822
20533
27631
28296
28423
28690
29585
31172
33512
33933
34345
34775
35757
40173
42053
42776
42783
42981
43685
43981
44700
45190
50825
51546
53932
54320
55297
55348
56429
56775
56954
58408
59255
1578
2582
3849
4374
4981
5048
5938
10221
10849
11027
11754
11920
13240
16305
17304
17881
18462
18505
19004
19008
19485
19588
20533
21703
22529
23842
27200
28451
28519
29520
29562
31082
33831
33933
34345
34392
37252
38155
38835
39306
39817
41896
42053
42245
42262
42896
42925
44606
44768
47482
49394
52629
55752
55986
56103
56570
58402
59203
59244
Query : 4
Nearest neighbor-1: 25760
distanceLSH: 1171.88
distanceTrue: 1092.53
Nearest neighbor-2: 53519
distanceLSH: 1213.62
distanceTrue: 1096.05
Nearest neighbor-3: 40600
distanceLSH: 1288.21
distanceTrue: 1169.34
Nearest neighbor-4: 43622
distanceLSH: 1349.05
distanceTrue: 1171.88
Nearest neighbor-5: 36932
distanceLSH: 1351.13
distanceTrue: 1194.18
tLSH: 0.702129
tTrue: 14.055
R-near neighbors:
194
1006
1764
4630
6872
8358
8874
9667
10004
10724
11186
11912
11981
12472
14850
14928
15038
15576
15604
16020
16612
16934
18024
18504
18560
18669
20031
21246
21840
21887
21892
22714
22772
24334
25490
25575
26435
27196
27424
27676
27734
27873
29036
29565
29794
30359
30438
30973
31648
32304
33312
34332
34341
36222
36726
37264
37272
37640
37673
38891
38966
39386
43374
45751
46021
47532
47763
48244
48836
49590
49712
49983
50282
50299
50432
50544
50694
50948
51552
51770
53347
53519
54382
54588
55776
56622
58401
58539
58746
58843
1050
1172
1216
1462
1922
1934
2962
3426
3439
3790
3998
4336
4436
5492
6552
7652
7826
8026
8086
8608
10094
14280
14922
18602
18751
20031
20219
20618
20818
21246
21540
21718
21951
23420
23834
23871
24244
25100
26212
27174
27391
29591
30536
30783
31648
32340
32555
33499
33683
33852
34464
34497
34838
35883
35956
36228
36322
36360
36832
37002
37603
37640
39000
39134
39743
40204
40236
40460
40600
40762
41116
41618
42400
42411
43622
43862
44396
45244
45333
45729
49696
51396
52229
52658
54473
54571
54770
55364
55788
55990
56102
56896
57354
57913
564
1827
1932
4088
4264
4794
5658
5672
5704
7416
7730
8358
9066
9920
11990
12074
12220
12440
12646
12825
14156
14240
16571
16625
18101
18954
19700
19827
20056
22064
22684
22786
23103
23212
24340
24497
25292
25488
27398
30311
30395
31128
31322
31660
32838
33312
35258
36092
36860
38498
38586
38622
38630
40316
40478
40657
41990
42382
43920
44515
44798
45198
45632
45916
47134
47745
48286
48478
49492
49934
50152
50846
51531
52402
52532
53258
53342
54046
54509
55078
56102
57733
57819
58218
59506
237
446
932
940
1116
1852
1946
2244
2317
3284
3785
4132
4522
4833
5444
6890
7439
7652
8308
8424
8842
9535
9709
9931
10013
10414
11465
12272
14716
15498
16020
16394
16673
16704
17076
18786
19115
19564
21817
22574
22714
22786
23648
24246
24506
25237
25239
25292
28574
28722
28914
29914
31052
31120
31984
32761
33473
33637
34341
35304
36932
37156
37736
39218
41220
42421
43130
45318
45770
46946
47671
47764
48478
49092
51316
51712
52146
53602
53821
54166
54422
55570
55778
55810
55812
56930
57044
57127
57466
57896
58218
58236
58243
58797
59481
92
460
1116
1258
2317
3240
3652
4032
4318
4838
5298
7538
7617
8084
8186
8278
8346
9669
9896
9920
9980
10594
14036
14390
14587
15310
15422
16878
17342
17922
18024
18617
18988
19726
20258
20293
21887
22125
22334
23103
23224
25612
25760
25846
26512
26599
27110
27325
27453
28311
28598
30096
31271
31460
31531
32328
32552
32762
32909
34341
34361
34549
34838
36394
36518
37156
38320
38632
40316
40446
40602
41096
41796
41864
41990
42529
42551
43302
44348
44711
44751
44776
45244
46761
46766
47996
48633
49574
49937
50154
50557
51383
52286
52372
52384
52448
53370
53612
55097
55332
55658
55924
56227
56422
58746
58847
58902
59506
